3.13 -4.25
3.16 -4.15
3.19 -4.05
3.22 -3.95
3.25 -3.85
3.28 -3.75
3.31 -3.65
3.34 -3.55
3.37 -3.45
3.40 -3.35
3.43 -3.25
3.46 -3.15
3.49 -3.05
3.52 -2.95
3.55 -2.85
3.58 -2.75
3.60 -2.65
3.63 -2.55
3.66 -2.45
3.69 -2.35
3.72 -2.25
3.75 -2.15
3.77 -2.05
3.80 -1.95
3.83 -1.85
3.85 -1.75
3.88 -1.65
3.91 -1.55
3.93 -1.45
3.96 -1.35
3.99 -1.25
4.01 -1.15
4.04 -1.05
4.07 -0.95
4.09 -0.85
4.12 -0.75
4.14 -0.65
4.17 -0.55
4.19 -0.45
4.22 -0.35
4.24 -0.25
4.27 -0.15
4.29 -0.05
4.31 0.05
4.34 0.15
4.36 0.25
4.39 0.35
4.41 0.45
4.43 0.55
4.46 0.65
4.48 0.75
4.50 0.85
4.52 0.95
4.55 1.05
4.57 1.15
4.59 1.25
4.61 1.35
4.64 1.45
4.66 1.55
4.68 1.65
4.70 1.75
4.72 1.85
4.74 1.95
4.77 2.05
4.79 2.15
4.81 2.25
4.83 2.35
4.85 2.45
4.87 2.55
4.89 2.65
4.91 2.75
4.93 2.85
4.95 2.95
4.97 3.05
4.99 3.15
5.01 3.25
5.03 3.35
5.05 3.45
5.07 3.55
5.09 3.65
5.10 3.75
5.12 3.85
5.14 3.95
5.16 4.05
5.18 4.15
5.20 4.25
5.21 4.35
5.23 4.45
5.25 4.55
5.27 4.65
5.29 4.75
5.30 4.85
5.32 4.95
5.34 5.05
5.35 5.15
5.37 5.25
5.39 5.35
5.40 5.45
5.42 5.55
5.44 5.65
5.45 5.75
5.47 5.85
5.49 5.95
5.50 6.05
5.52 6.15
5.53 6.25
5.55 6.35
5.56 6.45
5.58 6.55
5.59 6.65
5.61 6.75
5.62 6.85
5.64 6.95
5.65 7.05
5.67 7.15
5.68 7.25
5.70 7.35
5.71 7.45
5.73 7.55
5.74 7.65
5.75 7.75
5.77 7.85
5.78 7.95
5.80 8.05
5.81 8.15
5.82 8.25
5.84 8.35
5.85 8.45
5.86 8.55
5.88 8.65
5.89 8.75
5.90 8.85
5.91 8.95
5.93 9.05
5.94 9.15
5.95 9.25
5.96 9.35
5.98 9.45
5.99 9.55
6.00 9.65
6.01 9.75
6.02 9.85
6.04 9.95
6.05 10.05
6.06 10.15
6.07 10.25
6.08 10.35
6.09 10.45
6.10 10.55
6.11 10.65
6.13 10.75
6.14 10.85
6.15 10.95
6.16 11.05
6.17 11.15
6.18 11.25
6.19 11.35
6.20 11.45
6.21 11.55
6.22 11.65
6.23 11.75
6.24 11.85
6.25 11.95
6.26 12.05
6.27 12.15
6.28 12.25
6.29 12.35
6.30 12.45
6.31 12.55
6.32 12.65
6.33 12.75
6.34 12.85
6.34 12.95
6.35 13.05
6.36 13.15
6.37 13.25
6.38 13.35
6.39 13.45
6.40 13.55
6.41 13.65
6.41 13.75
6.42 13.85
6.43 13.95
6.44 14.05
6.45 14.15
6.46 14.25
6.46 14.35
6.47 14.45
6.48 14.55
6.49 14.65
6.50 14.75
6.50 14.85
6.51 14.95
6.52 15.05
6.53 15.15
6.53 15.25
6.54 15.35
6.55 15.45
6.56 15.55
6.56 15.65
6.57 15.75
6.58 15.85
6.58 15.95
6.59 16.05
6.60 16.15
6.60 16.25
6.61 16.35
6.62 16.45
6.63 16.55
6.63 16.65
6.64 16.75
6.64 16.85
6.65 16.95
6.66 17.05
6.66 17.15
6.67 17.25
6.68 17.35
6.68 17.45
6.69 17.55
6.70 17.65
6.70 17.75
6.71 17.85
6.71 17.95
6.72 18.05
6.73 18.15
6.73 18.25
6.74 18.35
6.74 18.45
6.75 18.55
6.75 18.65
6.76 18.75
6.76 18.85
6.77 18.95
6.78 19.05
6.78 19.15
6.79 19.25
6.79 19.35
6.80 19.45
6.80 19.55
6.81 19.65
6.81 19.75
6.82 19.85
6.82 19.95
6.83 20.05
6.83 20.15
6.84 20.25
6.84 20.35
6.85 20.45
6.85 20.55
6.86 20.65
6.86 20.75
6.87 20.85
6.87 20.95
6.88 21.05
6.88 21.15
6.89 21.25
6.89 21.35
6.90 21.45
6.90 21.55
6.91 21.65
6.91 21.75
6.92 21.85
6.92 21.95
6.92 22.05
6.93 22.15
6.93 22.25
6.94 22.35
6.94 22.45
6.95 22.55
6.95 22.65
6.96 22.75
6.96 22.85
6.96 22.95
6.97 23.05
6.97 23.15
6.98 23.25
6.98 23.35
6.99 23.45
6.99 23.55
6.99 23.65
7.00 23.75
7.00 23.85
7.01 23.95
7.01 24.05
7.02 24.15
7.02 24.25
7.02 24.35
7.03 24.45
7.03 24.55
7.04 24.65
7.04 24.75
7.04 24.85
7.05 24.95
7.05 25.05
7.06 25.15
7.06 25.25
7.06 25.35
7.07 25.45
7.07 25.55
7.08 25.65
7.08 25.75
7.09 25.85
7.09 25.95
7.09 26.05
7.10 26.15
7.10 26.25
7.11 26.35
7.11 26.45
7.11 26.55
7.12 26.65
7.12 26.75
7.13 26.85
7.13 26.95
7.13 27.05
7.14 27.15
7.14 27.25
7.15 27.35
7.15 27.45
7.16 27.55
7.16 27.65
7.16 27.75
7.17 27.85
7.17 27.95
7.18 28.05
7.18 28.15
7.19 28.25
7.19 28.35
7.19 28.45
7.20 28.55
7.20 28.65
7.21 28.75
7.21 28.85
7.22 28.95
7.22 29.05
7.22 29.15
7.23 29.25
7.23 29.35
7.24 29.45
7.24 29.55
7.25 29.65
7.25 29.75
7.26 29.85
7.26 29.95
7.27 30.05
7.27 30.15
7.28 30.25
7.28 30.35
7.28 30.45
7.29 30.55
7.29 30.65
7.30 30.75
7.30 30.85
7.31 30.95
7.31 31.05
7.32 31.15
